At final loading(tf):

 Stresses


Radial Stress(Sigma_rr):

 [-68.72483663 -66.22606116 -63.79419042 -61.42747031 -59.1241912
 -56.88268688 -54.70133353 -52.57854865 -50.51279014 -48.50255523
 -46.5463796  -44.64283641 -42.79053537 -40.9881219  -39.23427621
 -37.52771245 -35.8671779  -34.25145214 -32.67934626 -31.14970206
 -29.66139131 -28.21331501 -26.80440265 -25.4336115  -24.09992592
 -22.80235671 -21.53994039 -20.31173862 -19.11683753 -17.95434709
 -16.82340058 -15.72315391 -14.65278511 -13.61149377 -12.59850046
 -11.6130462  -10.654392    -9.72181827  -8.81462438  -7.93212815
  -7.0736654   -6.23858945  -5.42627074  -4.63609632  -3.86746947
  -3.11980925  -2.39255012  -1.68514154  -0.99704757  -0.32774649] 

Circumfrential Stress(Sigma_phi):

 [115.3915033  112.89272783 110.46085709 108.09413698 105.79085787
 103.54935355 101.3680002   99.24521532  97.17945681  95.1692219
  93.21304627  91.30950307  89.45720204  87.65478857  85.90094287
  84.19437911  82.53384457  80.91811881  79.34601293  77.81636873
  76.32805798  74.87998168  73.47106932  72.10027816  70.76659259
  69.46902337  68.20660706  66.97840529  65.78350419  64.62101376
  63.49006724  62.38982057  61.31945178  60.27816044  59.26516712
  58.27971287  57.32105867  56.38848494  55.48129105  54.59879482
  53.74033206  52.90525612  52.09293741  51.30276299  50.53413613
  49.78647591  49.05921679  48.35180821  47.66371424  46.99441316]


Displacements

U(r):
  [[0.05338667 0.05279081 0.05220472 0.05162829 0.05106145 0.05050408
  0.0499561  0.04941742 0.04888794 0.04836759 0.04785626 0.04735388
  0.04686037 0.04637564 0.0458996  0.04543218 0.0449733  0.04452288
  0.04408084 0.04364712 0.04322163 0.04280431 0.04239508 0.04199387
  0.04160061 0.04121525 0.0408377  0.04046791 0.04010582 0.03975135
  0.03940446 0.03906507 0.03873314 0.0384086  0.0380914  0.03778149
  0.03747881 0.0371833  0.03689492 0.03661362 0.03633935 0.03607206
  0.0358117  0.03555823 0.03531161 0.03507179 0.03483873 0.0346124
  0.03439275 0.03417974 0.03397333]]
